function lab5_1c()
  N = 10;
  x = [1,2,3,4];
  p = [0.46, 0.4, 0.1, 0.04];


end
